1.144641 -0.720000 0.000000 0.424641
1.144641 -0.000000 -0.000000 1.144641
14.672216 -0.000000 -13.527575 1.144641
30.645161 -0.000000 -15.972945 14.672216
37.434964 -0.000000 -6.789802 30.645161
30.645161 -0.000000 -6.789802 23.855359
61.212279 -0.000000 -30.567118 30.645161
53.017690 -0.000000 -8.194589 44.823101
61.212279 -0.000000 -8.194589 53.017690
74.791883 -0.000000 -13.579605 61.212279
61.212279 -0.000000 -13.579605 47.632674
53.017690 -0.000000 -8.194589 44.823101
61.212279 -691.100000 -8.194589 -638.082310
1.144641 -0.000000 -60.067638 -58.922997
14.672216 -0.000000 -13.527575 1.144641
25.624350 -0.000000 -10.952133 14.672216
25.624350 -0.000000 -0.000000 25.624350
30.645161 -0.000000 -5.020812 25.624350
37.434964 -0.000000 -6.789802 30.645161
61.212279 -0.000000 -23.777315 37.434964
53.017690 -0.000000 -8.194589 44.823101
74.791883 -0.000000 -21.774194 53.017690
91.805411 -0.000000 -17.013528 74.791883
100.000000 -0.000000 -8.194589 91.805411
100.000000 -0.000000 -0.000000 100.000000
100.000000 -0.000000 -0.000000 100.000000
100.000000 -0.000000 -0.000000 100.000000
100.000000 -0.000000 -0.000000 100.000000
100.000000 -0.000000 -0.000000 100.000000
100.000000 -0.000000 -0.000000 100.000000
100.000000 -0.000000 -0.000000 100.000000
100.000000 -0.000000 -0.000000 100.000000
91.805411 -0.000000 -8.194589 83.610822
53.017690 -0.000000 -38.787721 14.229969
6.477627 -0.000000 -46.540062 -40.062435
14.672216 -0.000000 -8.194589 6.477627
25.624350 -0.000000 -10.952133 14.672216
37.434964 -0.000000 -11.810614 25.624350
53.017690 -0.000000 -15.582726 37.434964
61.212279 -0.000000 -8.194589 53.017690
74.791883 -0.000000 -13.579605 61.212279
91.805411 -0.000000 -17.013528 74.791883
100.000000 -0.000000 -8.194589 91.805411
100.000000 -0.000000 -0.000000 100.000000
100.000000 -0.000000 -0.000000 100.000000
100.000000 -0.000000 -0.000000 100.000000
100.000000 -0.000000 -0.000000 100.000000
91.805411 -0.000000 -8.194589 83.610822
53.017690 -0.000000 -38.787721 14.229969
53.017690 -0.000000 -0.000000 53.017690
