1.144641 -0.240000 0.000000 0.904641
1.144641 -0.000000 -0.000000 1.144641
14.672216 -0.000000 -13.527575 1.144641
30.645161 -0.000000 -15.972945 14.672216
37.434964 -0.000000 -6.789802 30.645161
53.017690 -0.000000 -15.582726 37.434964
61.212279 -0.000000 -8.194589 53.017690
53.017690 -0.000000 -8.194589 44.823101
61.212279 -0.000000 -8.194589 53.017690
53.017690 -0.000000 -8.194589 44.823101
61.212279 -0.000000 -8.194589 53.017690
74.791883 -0.000000 -13.579605 61.212279
61.212279 -0.000000 -13.579605 47.632674
84.859521 -0.000000 -23.647242 61.212279
74.791883 -0.000000 -10.067638 64.724246
91.805411 -0.000000 -17.013528 74.791883
100.000000 -0.000000 -8.194589 91.805411
100.000000 -0.000000 -0.000000 100.000000
91.805411 -0.000000 -8.194589 83.610822
61.212279 -0.000000 -30.593132 30.619147
53.017690 -0.000000 -8.194589 44.823101
37.434964 -0.000000 -15.582726 21.852237
30.645161 -0.000000 -6.789802 23.855359
53.017690 -0.000000 -22.372529 30.645161
61.212279 -0.000000 -8.194589 53.017690
74.791883 -0.000000 -13.579605 61.212279
74.791883 -0.000000 -0.000000 74.791883
61.212279 -0.000000 -13.579605 47.632674
74.791883 -0.000000 -13.579605 61.212279
61.212279 -0.000000 -13.579605 47.632674
74.791883 -0.000000 -13.579605 61.212279
61.212279 -0.000000 -13.579605 47.632674
84.859521 -0.000000 -23.647242 61.212279
74.791883 -0.000000 -10.067638 64.724246
91.805411 -0.000000 -17.013528 74.791883
100.000000 -0.000000 -8.194589 91.805411
100.000000 -0.000000 -0.000000 100.000000
100.000000 -0.000000 -0.000000 100.000000
100.000000 -0.000000 -0.000000 100.000000
100.000000 -0.000000 -0.000000 100.000000
100.000000 -0.000000 -0.000000 100.000000
100.000000 -0.000000 -0.000000 100.000000
100.000000 -0.000000 -0.000000 100.000000
100.000000 -0.000000 -0.000000 100.000000
100.000000 -0.000000 -0.000000 100.000000
100.000000 -0.000000 -0.000000 100.000000
100.000000 -0.000000 -0.000000 100.000000
100.000000 -0.000000 -0.000000 100.000000
100.000000 -0.000000 -0.000000 100.000000
100.000000 -0.000000 -0.000000 100.000000
