1.144641 -0.380000 0.000000 0.764641
1.144641 -0.000000 -0.000000 1.144641
1.144641 -0.000000 -0.000000 1.144641
2.237253 -0.000000 -1.092612 1.144641
4.500520 -0.000000 -2.263267 2.237253
6.477627 -0.000000 -1.977107 4.500520
9.599376 -0.000000 -3.121748 6.477627
12.929240 -0.000000 -3.329865 9.599376
100.000000 -0.000000 -87.070760 12.929240
91.805411 -328.875000 -8.194589 -245.264178
1.144641 -0.000000 -90.660770 -89.516129
1.144641 -0.000000 -0.000000 1.144641
2.237253 -0.000000 -1.092612 1.144641
3.251821 -0.000000 -1.014568 2.237253
5.515088 -0.000000 -2.263267 3.251821
8.194589 -0.000000 -2.679501 5.515088
9.599376 -0.000000 -1.404787 8.194589
12.929240 -0.000000 -3.329865 9.599376
12.929240 -0.000000 -0.000000 12.929240
14.672216 -0.000000 -1.742976 12.929240
12.929240 -0.000000 -1.742976 11.186264
12.929240 -0.000000 -0.000000 12.929240
12.929240 -0.000000 -0.000000 12.929240
12.929240 -0.000000 -0.000000 12.929240
9.599376 -0.000000 -3.329865 6.269511
100.000000 -0.000000 -90.400624 9.599376
91.805411 -0.000000 -8.194589 83.610822
12.929240 -0.000000 -78.876171 -65.946930
14.672216 -0.000000 -1.742976 12.929240
100.000000 -0.000000 -85.327784 14.672216
91.805411 -0.000000 -8.194589 83.610822
2.237253 -0.000000 -89.568158 -87.330905
1.144641 -0.000000 -1.092612 0.052029
4.500520 -0.000000 -3.355879 1.144641
5.515088 -0.000000 -1.014568 4.500520
6.477627 -0.000000 -0.962539 5.515088
8.194589 -0.000000 -1.716961 6.477627
9.599376 -0.000000 -1.404787 8.194589
14.672216 -0.000000 -5.072841 9.599376
100.000000 -0.000000 -85.327784 14.672216
100.000000 -0.000000 -0.000000 100.000000
91.805411 -0.000000 -8.194589 83.610822
4.500520 -0.000000 -87.304891 -82.804370
5.515088 -0.000000 -1.014568 4.500520
8.194589 -0.000000 -2.679501 5.515088
9.599376 -0.000000 -1.404787 8.194589
14.672216 -0.000000 -5.072841 9.599376
100.000000 -0.000000 -85.327784 14.672216
91.805411 -172.175000 -8.194589 -88.564178
1.144641 -0.000000 -90.660770 -89.516129
