1.144641 -1.505000 0.000000 -0.360359
1.144641 -0.000000 -0.000000 1.144641
14.672216 -0.000000 -13.527575 1.144641
19.875130 -0.000000 -5.202914 14.672216
25.624350 -0.000000 -5.749220 19.875130
30.645161 -0.000000 -5.020812 25.624350
37.434964 -0.000000 -6.789802 30.645161
37.434964 -0.000000 -0.000000 37.434964
30.645161 -0.000000 -6.789802 23.855359
9.599376 -0.000000 -21.045786 -11.446410
14.672216 -0.000000 -5.072841 9.599376
25.624350 -0.000000 -10.952133 14.672216
19.875130 -0.000000 -5.749220 14.125911
30.645161 -0.000000 -10.770031 19.875130
30.645161 -0.000000 -0.000000 30.645161
25.624350 -0.000000 -5.020812 20.603538
37.434964 -0.000000 -11.810614 25.624350
25.624350 -0.000000 -11.810614 13.813736
19.875130 -0.000000 -5.749220 14.125911
30.645161 -0.000000 -10.770031 19.875130
25.624350 -0.000000 -5.020812 20.603538
37.434964 -0.000000 -11.810614 25.624350
30.645161 -0.000000 -6.789802 23.855359
37.434964 -0.000000 -6.789802 30.645161
53.017690 -0.000000 -15.582726 37.434964
61.212279 -0.000000 -8.194589 53.017690
53.017690 -0.000000 -8.194589 44.823101
53.017690 -0.000000 -0.000000 53.017690
53.017690 -0.000000 -0.000000 53.017690
25.624350 -0.000000 -27.393340 -1.768991
19.875130 -0.000000 -5.749220 14.125911
30.645161 -0.000000 -10.770031 19.875130
25.624350 -0.000000 -5.020812 20.603538
37.434964 -0.000000 -11.810614 25.624350
37.434964 -0.000000 -0.000000 37.434964
37.434964 -0.000000 -0.000000 37.434964
30.645161 -0.000000 -6.789802 23.855359
30.645161 -0.000000 -0.000000 30.645161
25.624350 -0.000000 -5.020812 20.603538
19.875130 -0.000000 -5.749220 14.125911
30.645161 -0.000000 -10.770031 19.875130
25.624350 -0.000000 -5.020812 20.603538
37.434964 -0.000000 -11.810614 25.624350
30.645161 -0.000000 -6.789802 23.855359
37.434964 -0.000000 -6.789802 30.645161
30.645161 -0.000000 -6.789802 23.855359
37.434964 -0.000000 -6.789802 30.645161
30.645161 -0.000000 -6.789802 23.855359
37.434964 -0.000000 -6.789802 30.645161
30.645161 -0.000000 -6.789802 23.855359
