1.144641 -1.005000 0.000000 0.139641
1.144641 -0.000000 -0.000000 1.144641
14.672216 -0.000000 -13.527575 1.144641
25.624350 -0.000000 -10.952133 14.672216
37.434964 -0.000000 -11.810614 25.624350
30.645161 -0.000000 -6.789802 23.855359
53.017690 -0.000000 -22.372529 30.645161
61.212279 -0.000000 -8.194589 53.017690
61.212279 -0.000000 -0.000000 61.212279
61.212279 -0.000000 -0.000000 61.212279
61.212279 -0.000000 -0.000000 61.212279
53.017690 -0.000000 -8.194589 44.823101
53.017690 -0.000000 -0.000000 53.017690
53.017690 -0.000000 -0.000000 53.017690
53.017690 -0.000000 -0.000000 53.017690
53.017690 -0.000000 -0.000000 53.017690
53.017690 -0.000000 -0.000000 53.017690
53.017690 -0.000000 -0.000000 53.017690
53.017690 -0.000000 -0.000000 53.017690
53.017690 -0.000000 -0.000000 53.017690
53.017690 -0.000000 -0.000000 53.017690
53.017690 -0.000000 -0.000000 53.017690
37.434964 -0.000000 -15.582726 21.852237
61.212279 -0.000000 -23.777315 37.434964
74.791883 -0.000000 -13.579605 61.212279
84.859521 -0.000000 -10.067638 74.791883
74.791883 -0.000000 -10.067638 64.724246
91.805411 -0.000000 -17.013528 74.791883
84.859521 -0.000000 -6.945890 77.913632
91.805411 -0.000000 -6.945890 84.859521
84.859521 -0.000000 -6.945890 77.913632
84.859521 -0.000000 -0.000000 84.859521
74.791883 -0.000000 -10.067638 64.724246
74.791883 -0.000000 -0.000000 74.791883
74.791883 -0.000000 -0.000000 74.791883
74.791883 -0.000000 -0.000000 74.791883
61.212279 -0.000000 -13.579605 47.632674
61.212279 -0.000000 -0.000000 61.212279
53.017690 -0.000000 -8.194589 44.823101
61.212279 -0.000000 -8.194589 53.017690
53.017690 -0.000000 -8.194589 44.823101
61.212279 -0.000000 -8.194589 53.017690
53.017690 -0.000000 -8.194589 44.823101
74.791883 -0.000000 -21.774194 53.017690
61.212279 -0.000000 -13.579605 47.632674
74.791883 -0.000000 -13.579605 61.212279
61.212279 -0.000000 -13.579605 47.632674
74.791883 -0.000000 -13.579605 61.212279
61.212279 -0.000000 -13.579605 47.632674
74.791883 -0.000000 -13.579605 61.212279
