1.144641 -0.305000 0.000000 0.839641
1.144641 -0.000000 -0.000000 1.144641
14.672216 -0.000000 -13.527575 1.144641
25.624350 -0.000000 -10.952133 14.672216
30.645161 -0.000000 -5.020812 25.624350
37.434964 -0.000000 -6.789802 30.645161
53.017690 -0.000000 -15.582726 37.434964
37.434964 -0.000000 -15.582726 21.852237
53.017690 -0.000000 -15.582726 37.434964
53.017690 -0.000000 -0.000000 53.017690
53.017690 -0.000000 -0.000000 53.017690
8.194589 -46.975000 -44.823101 -83.603512
1.144641 -0.000000 -7.049948 -5.905307
14.672216 -598.125000 -13.527575 -596.980359
1.144641 -0.000000 -13.527575 -12.382934
9.599376 -0.000000 -8.454735 1.144641
19.875130 -0.000000 -10.275754 9.599376
25.624350 -0.000000 -5.749220 19.875130
37.434964 -0.000000 -11.810614 25.624350
53.017690 -0.000000 -15.582726 37.434964
37.434964 -0.000000 -15.582726 21.852237
61.212279 -0.000000 -23.777315 37.434964
74.791883 -0.000000 -13.579605 61.212279
84.859521 -0.000000 -10.067638 74.791883
91.805411 -0.000000 -6.945890 84.859521
91.805411 -0.000000 -0.000000 91.805411
91.805411 -0.000000 -0.000000 91.805411
84.859521 -0.000000 -6.945890 77.913632
100.000000 -0.000000 -15.140479 84.859521
91.805411 -245.825000 -8.194589 -162.214178
1.144641 -0.000000 -90.660770 -89.516129
14.672216 -0.000000 -13.527575 1.144641
9.599376 -0.000000 -5.072841 4.526535
14.672216 -0.000000 -5.072841 9.599376
25.624350 -0.000000 -10.952133 14.672216
37.434964 -0.000000 -11.810614 25.624350
30.645161 -0.000000 -6.789802 23.855359
61.212279 -0.000000 -30.567118 30.645161
53.017690 -0.000000 -8.194589 44.823101
84.859521 -0.000000 -31.841831 53.017690
91.805411 -0.000000 -6.945890 84.859521
100.000000 -0.000000 -8.194589 91.805411
91.805411 -0.000000 -8.194589 83.610822
19.875130 -0.000000 -71.930281 -52.055151
30.645161 -0.000000 -10.770031 19.875130
25.624350 -0.000000 -5.020812 20.603538
19.875130 -0.000000 -5.749220 14.125911
30.645161 -0.000000 -10.770031 19.875130
37.434964 -0.000000 -6.789802 30.645161
30.645161 -0.000000 -6.789802 23.855359
