1.144641 -2.490000 0.000000 -1.345359
1.144641 -0.000000 -0.000000 1.144641
14.672216 -0.000000 -13.527575 1.144641
19.875130 -0.000000 -5.202914 14.672216
25.624350 -0.000000 -5.749220 19.875130
30.645161 -0.000000 -5.020812 25.624350
37.434964 -0.000000 -6.789802 30.645161
37.434964 -103.225000 -0.000000 -65.790036
1.144641 -0.000000 -36.290323 -35.145682
14.672216 -0.000000 -13.527575 1.144641
19.875130 -0.000000 -5.202914 14.672216
12.929240 -0.000000 -6.945890 5.983351
19.875130 -0.000000 -6.945890 12.929240
25.624350 -0.000000 -5.749220 19.875130
19.875130 -0.000000 -5.749220 14.125911
25.624350 -0.000000 -5.749220 19.875130
30.645161 -0.000000 -5.020812 25.624350
37.434964 -0.000000 -6.789802 30.645161
30.645161 -0.000000 -6.789802 23.855359
37.434964 -0.000000 -6.789802 30.645161
30.645161 -0.000000 -6.789802 23.855359
53.017690 -0.000000 -22.372529 30.645161
37.434964 -0.000000 -15.582726 21.852237
61.212279 -0.000000 -23.777315 37.434964
53.017690 -0.000000 -8.194589 44.823101
74.791883 -0.000000 -21.774194 53.017690
61.212279 -0.000000 -13.579605 47.632674
74.791883 -0.000000 -13.579605 61.212279
84.859521 -0.000000 -10.067638 74.791883
84.859521 -0.000000 -0.000000 84.859521
53.017690 -0.000000 -31.841831 21.175858
53.017690 -0.000000 -0.000000 53.017690
37.434964 -0.000000 -15.582726 21.852237
37.434964 -0.000000 -0.000000 37.434964
37.434964 -0.000000 -0.000000 37.434964
37.434964 -0.000000 -0.000000 37.434964
37.434964 -0.000000 -0.000000 37.434964
37.434964 -0.000000 -0.000000 37.434964
30.645161 -0.000000 -6.789802 23.855359
37.434964 -0.000000 -6.789802 30.645161
53.017690 -0.000000 -15.582726 37.434964
53.017690 -0.000000 -0.000000 53.017690
53.017690 -0.000000 -0.000000 53.017690
53.017690 -0.000000 -0.000000 53.017690
53.017690 -0.000000 -0.000000 53.017690
53.017690 -0.000000 -0.000000 53.017690
37.434964 -0.000000 -15.582726 21.852237
25.624350 -0.000000 -11.810614 13.813736
25.624350 -0.000000 -0.000000 25.624350
19.875130 -0.000000 -5.749220 14.125911
