1.144641 -0.325000 0.000000 0.819641
1.144641 -0.000000 -0.000000 1.144641
14.672216 -0.000000 -13.527575 1.144641
25.624350 -0.000000 -10.952133 14.672216
37.434964 -0.000000 -11.810614 25.624350
30.645161 -0.000000 -6.789802 23.855359
53.017690 -0.000000 -22.372529 30.645161
37.434964 -0.000000 -15.582726 21.852237
53.017690 -0.000000 -15.582726 37.434964
53.017690 -0.000000 -0.000000 53.017690
37.434964 -0.000000 -15.582726 21.852237
61.212279 -0.000000 -23.777315 37.434964
53.017690 -0.000000 -8.194589 44.823101
61.212279 -0.000000 -8.194589 53.017690
53.017690 -0.000000 -8.194589 44.823101
74.791883 -0.000000 -21.774194 53.017690
53.017690 -0.000000 -21.774194 31.243496
25.624350 -0.000000 -27.393340 -1.768991
19.875130 -0.000000 -5.749220 14.125911
37.434964 -0.000000 -17.559834 19.875130
12.929240 -0.000000 -24.505723 -11.576483
19.875130 -0.000000 -6.945890 12.929240
30.645161 -0.000000 -10.770031 19.875130
37.434964 -0.000000 -6.789802 30.645161
53.017690 -0.000000 -15.582726 37.434964
37.434964 -0.000000 -15.582726 21.852237
61.212279 -0.000000 -23.777315 37.434964
61.212279 -0.000000 -0.000000 61.212279
61.212279 -0.000000 -0.000000 61.212279
61.212279 -0.000000 -0.000000 61.212279
61.212279 -0.000000 -0.000000 61.212279
53.017690 -0.000000 -8.194589 44.823101
37.434964 -0.000000 -15.582726 21.852237
61.212279 -0.000000 -23.777315 37.434964
53.017690 -0.000000 -8.194589 44.823101
74.791883 -0.000000 -21.774194 53.017690
61.212279 -0.000000 -13.579605 47.632674
53.017690 -0.000000 -8.194589 44.823101
37.434964 -0.000000 -15.582726 21.852237
61.212279 -0.000000 -23.777315 37.434964
53.017690 -0.000000 -8.194589 44.823101
61.212279 -0.000000 -8.194589 53.017690
74.791883 -0.000000 -13.579605 61.212279
61.212279 -0.000000 -13.579605 47.632674
74.791883 -0.000000 -13.579605 61.212279
74.791883 -0.000000 -0.000000 74.791883
74.791883 -0.000000 -0.000000 74.791883
74.791883 -0.000000 -0.000000 74.791883
74.791883 -0.000000 -0.000000 74.791883
74.791883 -0.000000 -0.000000 74.791883
