1.144641 -1.000000 0.000000 0.144641
1.144641 -0.000000 -0.000000 1.144641
14.672216 -0.000000 -13.527575 1.144641
25.624350 -0.000000 -10.952133 14.672216
37.434964 -0.000000 -11.810614 25.624350
53.017690 -0.000000 -15.582726 37.434964
61.212279 -0.000000 -8.194589 53.017690
53.017690 -0.000000 -8.194589 44.823101
74.791883 -0.000000 -21.774194 53.017690
61.212279 -0.000000 -13.579605 47.632674
74.791883 -0.000000 -13.579605 61.212279
84.859521 -0.000000 -10.067638 74.791883
74.791883 -0.000000 -10.067638 64.724246
74.791883 -0.000000 -0.000000 74.791883
74.791883 -0.000000 -0.000000 74.791883
61.212279 -0.000000 -13.579605 47.632674
74.791883 -0.000000 -13.579605 61.212279
84.859521 -0.000000 -10.067638 74.791883
74.791883 -0.000000 -10.067638 64.724246
84.859521 -0.000000 -10.067638 74.791883
74.791883 -0.000000 -10.067638 64.724246
61.212279 -0.000000 -13.579605 47.632674
84.859521 -0.000000 -23.647242 61.212279
91.805411 -0.000000 -6.945890 84.859521
100.000000 -0.000000 -8.194589 91.805411
100.000000 -0.000000 -0.000000 100.000000
100.000000 -0.000000 -0.000000 100.000000
100.000000 -0.000000 -0.000000 100.000000
100.000000 -0.000000 -0.000000 100.000000
100.000000 -0.000000 -0.000000 100.000000
100.000000 -0.000000 -0.000000 100.000000
100.000000 -0.000000 -0.000000 100.000000
100.000000 -0.000000 -0.000000 100.000000
100.000000 -0.000000 -0.000000 100.000000
100.000000 -0.000000 -0.000000 100.000000
100.000000 -0.000000 -0.000000 100.000000
100.000000 -0.000000 -0.000000 100.000000
100.000000 -0.000000 -0.000000 100.000000
100.000000 -0.000000 -0.000000 100.000000
100.000000 -0.000000 -0.000000 100.000000
100.000000 -0.000000 -0.000000 100.000000
100.000000 -0.000000 -0.000000 100.000000
100.000000 -0.000000 -0.000000 100.000000
100.000000 -0.000000 -0.000000 100.000000
100.000000 -0.000000 -0.000000 100.000000
100.000000 -0.000000 -0.000000 100.000000
100.000000 -0.000000 -0.000000 100.000000
100.000000 -0.000000 -0.000000 100.000000
100.000000 -0.000000 -0.000000 100.000000
100.000000 -0.000000 -0.000000 100.000000
