1.144641 -0.660000 0.000000 0.484641
1.144641 -0.000000 -0.000000 1.144641
14.672216 -0.000000 -13.527575 1.144641
19.875130 -0.000000 -5.202914 14.672216
25.624350 -0.000000 -5.749220 19.875130
30.645161 -0.000000 -5.020812 25.624350
25.624350 -0.000000 -5.020812 20.603538
30.645161 -0.000000 -5.020812 25.624350
19.875130 -0.000000 -10.770031 9.105099
25.624350 -285.050000 -5.749220 -265.174870
1.144641 -73.850000 -24.479709 -97.185068
1.144641 -65.625000 -0.000000 -64.480359
1.144641 -132.700000 -0.000000 -131.555359
1.144641 -29.500000 -0.000000 -28.355359
1.144641 -0.000000 -0.000000 1.144641
14.672216 -0.000000 -13.527575 1.144641
8.194589 -0.000000 -6.477627 1.716961
14.672216 -0.000000 -6.477627 8.194589
30.645161 -0.000000 -15.972945 14.672216
37.434964 -0.000000 -6.789802 30.645161
37.434964 -0.000000 -0.000000 37.434964
30.645161 -0.000000 -6.789802 23.855359
37.434964 -0.000000 -6.789802 30.645161
37.434964 -0.000000 -0.000000 37.434964
30.645161 -0.000000 -6.789802 23.855359
37.434964 -0.000000 -6.789802 30.645161
53.017690 -0.000000 -15.582726 37.434964
25.624350 -269.350000 -27.393340 -271.118991
1.144641 -0.000000 -24.479709 -23.335068
14.672216 -0.000000 -13.527575 1.144641
19.875130 -94.925000 -5.202914 -80.252784
1.144641 -0.000000 -18.730489 -17.585848
14.672216 -0.000000 -13.527575 1.144641
12.929240 -0.000000 -1.742976 11.186264
30.645161 -0.000000 -17.715921 12.929240
37.434964 -0.000000 -6.789802 30.645161
30.645161 -0.000000 -6.789802 23.855359
53.017690 -0.000000 -22.372529 30.645161
61.212279 -370.750000 -8.194589 -317.732310
1.144641 -0.000000 -60.067638 -58.922997
14.672216 -0.000000 -13.527575 1.144641
19.875130 -0.000000 -5.202914 14.672216
14.672216 -0.000000 -5.202914 9.469303
30.645161 -0.000000 -15.972945 14.672216
37.434964 -0.000000 -6.789802 30.645161
25.624350 -0.000000 -11.810614 13.813736
25.624350 -95.725000 -0.000000 -70.100650
1.144641 -0.000000 -24.479709 -23.335068
14.672216 -0.000000 -13.527575 1.144641
19.875130 -0.000000 -5.202914 14.672216
