1.144641 -0.110000 0.000000 1.034641
1.144641 -0.000000 -0.000000 1.144641
14.672216 -0.000000 -13.527575 1.144641
30.645161 -0.000000 -15.972945 14.672216
37.434964 -0.000000 -6.789802 30.645161
53.017690 -0.000000 -15.582726 37.434964
61.212279 -0.000000 -8.194589 53.017690
74.791883 -0.000000 -13.579605 61.212279
61.212279 -0.000000 -13.579605 47.632674
53.017690 -0.000000 -8.194589 44.823101
37.434964 -0.000000 -15.582726 21.852237
61.212279 -0.000000 -23.777315 37.434964
53.017690 -0.000000 -8.194589 44.823101
74.791883 -0.000000 -21.774194 53.017690
61.212279 -0.000000 -13.579605 47.632674
84.859521 -0.000000 -23.647242 61.212279
74.791883 -0.000000 -10.067638 64.724246
61.212279 -0.000000 -13.579605 47.632674
74.791883 -0.000000 -13.579605 61.212279
61.212279 -0.000000 -13.579605 47.632674
53.017690 -0.000000 -8.194589 44.823101
37.434964 -0.000000 -15.582726 21.852237
53.017690 -0.000000 -15.582726 37.434964
37.434964 -0.000000 -15.582726 21.852237
61.212279 -0.000000 -23.777315 37.434964
74.791883 -0.000000 -13.579605 61.212279
74.791883 -0.000000 -0.000000 74.791883
74.791883 -0.000000 -0.000000 74.791883
61.212279 -0.000000 -13.579605 47.632674
74.791883 -0.000000 -13.579605 61.212279
84.859521 -0.000000 -10.067638 74.791883
91.805411 -0.000000 -6.945890 84.859521
84.859521 -0.000000 -6.945890 77.913632
100.000000 -0.000000 -15.140479 84.859521
100.000000 -0.000000 -0.000000 100.000000
100.000000 -0.000000 -0.000000 100.000000
100.000000 -0.000000 -0.000000 100.000000
100.000000 -0.000000 -0.000000 100.000000
100.000000 -0.000000 -0.000000 100.000000
100.000000 -0.000000 -0.000000 100.000000
100.000000 -0.000000 -0.000000 100.000000
100.000000 -0.000000 -0.000000 100.000000
100.000000 -0.000000 -0.000000 100.000000
100.000000 -0.000000 -0.000000 100.000000
100.000000 -0.000000 -0.000000 100.000000
100.000000 -0.000000 -0.000000 100.000000
100.000000 -0.000000 -0.000000 100.000000
100.000000 -0.000000 -0.000000 100.000000
100.000000 -0.000000 -0.000000 100.000000
100.000000 -0.000000 -0.000000 100.000000
