1.144641 -0.380000 0.000000 0.764641
1.144641 -0.000000 -0.000000 1.144641
14.672216 -0.000000 -13.527575 1.144641
25.624350 -0.000000 -10.952133 14.672216
30.645161 -0.000000 -5.020812 25.624350
25.624350 -0.000000 -5.020812 20.603538
30.645161 -0.000000 -5.020812 25.624350
19.875130 -0.000000 -10.770031 9.105099
14.672216 -0.000000 -5.202914 9.469303
25.624350 -0.000000 -10.952133 14.672216
30.645161 -0.000000 -5.020812 25.624350
30.645161 -0.000000 -0.000000 30.645161
19.875130 -0.000000 -10.770031 9.105099
12.929240 -0.000000 -6.945890 5.983351
14.672216 -0.000000 -1.742976 12.929240
30.645161 -0.000000 -15.972945 14.672216
30.645161 -0.000000 -0.000000 30.645161
6.477627 -0.000000 -24.167534 -17.689906
8.194589 -0.000000 -1.716961 6.477627
9.599376 -0.000000 -1.404787 8.194589
9.599376 -0.000000 -0.000000 9.599376
14.672216 -0.000000 -5.072841 9.599376
12.929240 -0.000000 -1.742976 11.186264
19.875130 -0.000000 -6.945890 12.929240
25.624350 -0.000000 -5.749220 19.875130
19.875130 -0.000000 -5.749220 14.125911
30.645161 -0.000000 -10.770031 19.875130
37.434964 -0.000000 -6.789802 30.645161
53.017690 -0.000000 -15.582726 37.434964
53.017690 -0.000000 -0.000000 53.017690
53.017690 -0.000000 -0.000000 53.017690
53.017690 -0.000000 -0.000000 53.017690
37.434964 -0.000000 -15.582726 21.852237
37.434964 -65.775000 -0.000000 -28.340036
1.144641 -0.000000 -36.290323 -35.145682
14.672216 -0.000000 -13.527575 1.144641
19.875130 -0.000000 -5.202914 14.672216
30.645161 -0.000000 -10.770031 19.875130
37.434964 -0.000000 -6.789802 30.645161
30.645161 -0.000000 -6.789802 23.855359
37.434964 -0.000000 -6.789802 30.645161
19.875130 -0.000000 -17.559834 2.315297
14.672216 -0.000000 -5.202914 9.469303
30.645161 -0.000000 -15.972945 14.672216
37.434964 -0.000000 -6.789802 30.645161
37.434964 -0.000000 -0.000000 37.434964
25.624350 -0.000000 -11.810614 13.813736
12.929240 -0.000000 -12.695109 0.234131
19.875130 -0.000000 -6.945890 12.929240
25.624350 -0.000000 -5.749220 19.875130
