1.144641 -1.570000 0.000000 -0.425359
1.144641 -0.000000 -0.000000 1.144641
14.672216 -0.000000 -13.527575 1.144641
25.624350 -0.000000 -10.952133 14.672216
30.645161 -0.000000 -5.020812 25.624350
37.434964 -0.000000 -6.789802 30.645161
53.017690 -0.000000 -15.582726 37.434964
37.434964 -0.000000 -15.582726 21.852237
61.212279 -0.000000 -23.777315 37.434964
53.017690 -0.000000 -8.194589 44.823101
25.624350 -0.000000 -27.393340 -1.768991
30.645161 -0.000000 -5.020812 25.624350
37.434964 -0.000000 -6.789802 30.645161
25.624350 -0.000000 -11.810614 13.813736
30.645161 -0.000000 -5.020812 25.624350
37.434964 -0.000000 -6.789802 30.645161
53.017690 -0.000000 -15.582726 37.434964
53.017690 -0.000000 -0.000000 53.017690
37.434964 -0.000000 -15.582726 21.852237
61.212279 -0.000000 -23.777315 37.434964
53.017690 -0.000000 -8.194589 44.823101
61.212279 -0.000000 -8.194589 53.017690
84.859521 -0.000000 -23.647242 61.212279
91.805411 -0.000000 -6.945890 84.859521
100.000000 -0.000000 -8.194589 91.805411
100.000000 -0.000000 -0.000000 100.000000
100.000000 -0.000000 -0.000000 100.000000
100.000000 -0.000000 -0.000000 100.000000
100.000000 -0.000000 -0.000000 100.000000
100.000000 -0.000000 -0.000000 100.000000
100.000000 -0.000000 -0.000000 100.000000
100.000000 -0.000000 -0.000000 100.000000
100.000000 -0.000000 -0.000000 100.000000
100.000000 -0.000000 -0.000000 100.000000
100.000000 -0.000000 -0.000000 100.000000
100.000000 -0.000000 -0.000000 100.000000
100.000000 -0.000000 -0.000000 100.000000
100.000000 -0.000000 -0.000000 100.000000
100.000000 -0.000000 -0.000000 100.000000
100.000000 -0.000000 -0.000000 100.000000
100.000000 -0.000000 -0.000000 100.000000
100.000000 -0.000000 -0.000000 100.000000
100.000000 -0.000000 -0.000000 100.000000
100.000000 -0.000000 -0.000000 100.000000
100.000000 -0.000000 -0.000000 100.000000
100.000000 -0.000000 -0.000000 100.000000
100.000000 -0.000000 -0.000000 100.000000
100.000000 -0.000000 -0.000000 100.000000
100.000000 -0.000000 -0.000000 100.000000
100.000000 -0.000000 -0.000000 100.000000
