1.144641 -0.630000 0.000000 0.514641
1.144641 -0.000000 -0.000000 1.144641
14.672216 -0.000000 -13.527575 1.144641
19.875130 -0.000000 -5.202914 14.672216
25.624350 -0.000000 -5.749220 19.875130
30.645161 -0.000000 -5.020812 25.624350
37.434964 -0.000000 -6.789802 30.645161
19.875130 -0.000000 -17.559834 2.315297
25.624350 -0.000000 -5.749220 19.875130
30.645161 -0.000000 -5.020812 25.624350
25.624350 -0.000000 -5.020812 20.603538
37.434964 -0.000000 -11.810614 25.624350
37.434964 -120.125000 -0.000000 -82.690036
1.144641 -0.000000 -36.290323 -35.145682
14.672216 -0.000000 -13.527575 1.144641
19.875130 -0.000000 -5.202914 14.672216
19.875130 -0.000000 -0.000000 19.875130
19.875130 -11.075000 -0.000000 8.800130
1.144641 -0.000000 -18.730489 -17.585848
14.672216 -0.000000 -13.527575 1.144641
19.875130 -0.000000 -5.202914 14.672216
25.624350 -0.000000 -5.749220 19.875130
25.624350 -0.000000 -0.000000 25.624350
19.875130 -0.000000 -5.749220 14.125911
25.624350 -0.000000 -5.749220 19.875130
30.645161 -0.000000 -5.020812 25.624350
25.624350 -0.000000 -5.020812 20.603538
30.645161 -0.000000 -5.020812 25.624350
37.434964 -0.000000 -6.789802 30.645161
30.645161 -0.000000 -6.789802 23.855359
37.434964 -0.000000 -6.789802 30.645161
30.645161 -0.000000 -6.789802 23.855359
37.434964 -0.000000 -6.789802 30.645161
30.645161 -0.000000 -6.789802 23.855359
30.645161 -0.000000 -0.000000 30.645161
30.645161 -0.000000 -0.000000 30.645161
25.624350 -0.000000 -5.020812 20.603538
19.875130 -0.000000 -5.749220 14.125911
30.645161 -0.000000 -10.770031 19.875130
25.624350 -0.000000 -5.020812 20.603538
30.645161 -0.000000 -5.020812 25.624350
25.624350 -0.000000 -5.020812 20.603538
30.645161 -0.000000 -5.020812 25.624350
37.434964 -0.000000 -6.789802 30.645161
30.645161 -0.000000 -6.789802 23.855359
37.434964 -0.000000 -6.789802 30.645161
30.645161 -0.000000 -6.789802 23.855359
25.624350 -0.000000 -5.020812 20.603538
14.672216 -0.000000 -10.952133 3.720083
14.672216 -0.000000 -0.000000 14.672216
