1.144641 -0.905000 0.000000 0.239641
1.144641 -0.000000 -0.000000 1.144641
14.672216 -0.000000 -13.527575 1.144641
19.875130 -0.000000 -5.202914 14.672216
30.645161 -0.000000 -10.770031 19.875130
25.624350 -0.000000 -5.020812 20.603538
37.434964 -0.000000 -11.810614 25.624350
30.645161 -0.000000 -6.789802 23.855359
25.624350 -0.000000 -5.020812 20.603538
19.875130 -99.175000 -5.749220 -85.049089
1.144641 -0.000000 -18.730489 -17.585848
14.672216 -445.600000 -13.527575 -444.455359
1.144641 -0.000000 -13.527575 -12.382934
14.672216 -0.000000 -13.527575 1.144641
12.929240 -0.000000 -1.742976 11.186264
19.875130 -0.000000 -6.945890 12.929240
19.875130 -32.150000 -0.000000 -12.274870
1.144641 -0.000000 -18.730489 -17.585848
14.672216 -0.000000 -13.527575 1.144641
19.875130 -0.000000 -5.202914 14.672216
19.875130 -0.000000 -0.000000 19.875130
14.672216 -0.000000 -5.202914 9.469303
30.645161 -0.000000 -15.972945 14.672216
37.434964 -0.000000 -6.789802 30.645161
30.645161 -0.000000 -6.789802 23.855359
53.017690 -0.000000 -22.372529 30.645161
53.017690 -0.000000 -0.000000 53.017690
30.645161 -0.000000 -22.372529 8.272633
25.624350 -0.000000 -5.020812 20.603538
30.645161 -160.725000 -5.020812 -135.100650
1.144641 -0.000000 -29.500520 -28.355879
14.672216 -0.000000 -13.527575 1.144641
19.875130 -0.000000 -5.202914 14.672216
14.672216 -0.000000 -5.202914 9.469303
19.875130 -0.000000 -5.202914 14.672216
25.624350 -0.000000 -5.749220 19.875130
30.645161 -0.000000 -5.020812 25.624350
25.624350 -0.000000 -5.020812 20.603538
37.434964 -0.000000 -11.810614 25.624350
30.645161 -0.000000 -6.789802 23.855359
37.434964 -168.850000 -6.789802 -138.204839
1.144641 -0.000000 -36.290323 -35.145682
14.672216 -0.000000 -13.527575 1.144641
12.929240 -0.000000 -1.742976 11.186264
12.929240 -0.000000 -0.000000 12.929240
14.672216 -0.000000 -1.742976 12.929240
19.875130 -0.000000 -5.202914 14.672216
25.624350 -0.000000 -5.749220 19.875130
30.645161 -0.000000 -5.020812 25.624350
25.624350 -0.000000 -5.020812 20.603538
