1.144641 -0.550000 0.000000 0.594641
1.144641 -0.000000 -0.000000 1.144641
14.672216 -0.000000 -13.527575 1.144641
25.624350 -0.000000 -10.952133 14.672216
37.434964 -0.000000 -11.810614 25.624350
30.645161 -0.000000 -6.789802 23.855359
53.017690 -0.000000 -22.372529 30.645161
61.212279 -0.000000 -8.194589 53.017690
53.017690 -0.000000 -8.194589 44.823101
61.212279 -0.000000 -8.194589 53.017690
53.017690 -0.000000 -8.194589 44.823101
19.875130 -0.000000 -33.142560 -13.267430
4.500520 -0.000000 -15.374610 -10.874089
5.515088 -250.225000 -1.014568 -245.724480
1.144641 -0.000000 -4.370447 -3.225806
14.672216 -0.000000 -13.527575 1.144641
19.875130 -0.000000 -5.202914 14.672216
25.624350 -0.000000 -5.749220 19.875130
30.645161 -0.000000 -5.020812 25.624350
30.645161 -0.000000 -0.000000 30.645161
19.875130 -0.000000 -10.770031 9.105099
14.672216 -0.000000 -5.202914 9.469303
19.875130 -0.000000 -5.202914 14.672216
30.645161 -0.000000 -10.770031 19.875130
37.434964 -0.000000 -6.789802 30.645161
30.645161 -0.000000 -6.789802 23.855359
53.017690 -0.000000 -22.372529 30.645161
61.212279 -0.000000 -8.194589 53.017690
53.017690 -0.000000 -8.194589 44.823101
61.212279 -0.000000 -8.194589 53.017690
53.017690 -0.000000 -8.194589 44.823101
37.434964 -0.000000 -15.582726 21.852237
61.212279 -0.000000 -23.777315 37.434964
53.017690 -0.000000 -8.194589 44.823101
61.212279 -0.000000 -8.194589 53.017690
6.477627 -0.000000 -54.734651 -48.257024
19.875130 -0.000000 -13.397503 6.477627
30.645161 -0.000000 -10.770031 19.875130
37.434964 -0.000000 -6.789802 30.645161
37.434964 -0.000000 -0.000000 37.434964
30.645161 -0.000000 -6.789802 23.855359
37.434964 -0.000000 -6.789802 30.645161
61.212279 -0.000000 -23.777315 37.434964
53.017690 -0.000000 -8.194589 44.823101
61.212279 -0.000000 -8.194589 53.017690
74.791883 -0.000000 -13.579605 61.212279
74.791883 -39.550000 -0.000000 35.241883
1.144641 -0.000000 -73.647242 -72.502601
14.672216 -0.000000 -13.527575 1.144641
12.929240 -0.000000 -1.742976 11.186264
