1.144641 -0.980000 0.000000 0.164641
1.144641 -0.000000 -0.000000 1.144641
14.672216 -0.000000 -13.527575 1.144641
25.624350 -0.000000 -10.952133 14.672216
37.434964 -0.000000 -11.810614 25.624350
53.017690 -0.000000 -15.582726 37.434964
61.212279 -0.000000 -8.194589 53.017690
53.017690 -0.000000 -8.194589 44.823101
61.212279 -0.000000 -8.194589 53.017690
74.791883 -0.000000 -13.579605 61.212279
61.212279 -0.000000 -13.579605 47.632674
84.859521 -0.000000 -23.647242 61.212279
53.017690 -0.000000 -31.841831 21.175858
30.645161 -0.000000 -22.372529 8.272633
37.434964 -0.000000 -6.789802 30.645161
30.645161 -0.000000 -6.789802 23.855359
61.212279 -0.000000 -30.567118 30.645161
53.017690 -0.000000 -8.194589 44.823101
61.212279 -0.000000 -8.194589 53.017690
74.791883 -0.000000 -13.579605 61.212279
61.212279 -0.000000 -13.579605 47.632674
84.859521 -0.000000 -23.647242 61.212279
100.000000 -0.000000 -15.140479 84.859521
100.000000 -0.000000 -0.000000 100.000000
100.000000 -0.000000 -0.000000 100.000000
100.000000 -0.000000 -0.000000 100.000000
100.000000 -0.000000 -0.000000 100.000000
100.000000 -0.000000 -0.000000 100.000000
100.000000 -0.000000 -0.000000 100.000000
100.000000 -0.000000 -0.000000 100.000000
100.000000 -0.000000 -0.000000 100.000000
100.000000 -0.000000 -0.000000 100.000000
100.000000 -0.000000 -0.000000 100.000000
100.000000 -0.000000 -0.000000 100.000000
100.000000 -0.000000 -0.000000 100.000000
100.000000 -0.000000 -0.000000 100.000000
100.000000 -0.000000 -0.000000 100.000000
100.000000 -0.000000 -0.000000 100.000000
100.000000 -0.000000 -0.000000 100.000000
100.000000 -0.000000 -0.000000 100.000000
100.000000 -0.000000 -0.000000 100.000000
100.000000 -0.000000 -0.000000 100.000000
100.000000 -0.000000 -0.000000 100.000000
100.000000 -0.000000 -0.000000 100.000000
100.000000 -0.000000 -0.000000 100.000000
100.000000 -0.000000 -0.000000 100.000000
100.000000 -0.000000 -0.000000 100.000000
100.000000 -0.000000 -0.000000 100.000000
100.000000 -0.000000 -0.000000 100.000000
100.000000 -0.000000 -0.000000 100.000000
